2.000000000000000000e+03
1.000000000000000000e+03
2.000000000000000000e+03
1.000000000000000000e+03
2.389830508474575254e+03
1.000000000000000000e+03
2.005294140887361209e+03
1.000000000000000000e+03
2.453044131010232377e+03
1.000000000000000000e+03
2.031606811267829471e+03
1.000000000000000000e+03
2.389830508474573435e+03
1.000000000000000000e+03
2.424084390186086239e+03
1.000000000000000000e+03
2.181739164790011273e+03
1.000000000000000000e+03
2.250246928213029605e+03
1.000000000000000000e+03
2.395085140847855655e+03
1.000000000000000000e+03
2.384575876101298491e+03
1.000000000000000000e+03
2.334518588755876408e+03
1.000000000000000000e+03
2.323969815495234798e+03
1.000000000000000000e+03
2.052704357789109054e+03
1.000000000000000000e+03
2.418790249298719573e+03
1.000000000000000000e+03
2.223894749318482354e+03
1.000000000000000000e+03
2.076409466239972971e+03
1.000000000000000000e+03
2.042155584528467443e+03
1.000000000000000000e+03
2.118525542254355969e+03
1.000000000000000000e+03
2.281853739480851800e+03
1.000000000000000000e+03
2.395085140847848379e+03
1.000000000000000000e+03
2.302911777488057851e+03
1.000000000000000000e+03
2.202836711311290856e+03
1.000000000000000000e+03
2.308166409861325519e+03
1.000000000000000000e+03
2.337165659199556103e+03
1.000000000000000000e+03
2.158034056339136441e+03
1.000000000000000000e+03
2.258148631029980606e+03
1.000000000000000000e+03
2.039508514084795024e+03
1.000000000000000000e+03
2.329263956382594188e+03
1.000000000000000000e+03
2.295010074671095936e+03
1.000000000000000000e+03
2.094820433803484775e+03
1.000000000000000000e+03
2.034253881711498252e+03
1.000000000000000000e+03
2.123819683141729911e+03
1.000000000000000000e+03
2.200189640867596609e+03
1.000000000000000000e+03
2.189640867606969550e+03
1.000000000000000000e+03
2.113270909881088301e+03
1.000000000000000000e+03
2.131721385958662722e+03
1.000000000000000000e+03
2.374027102840671432e+03
1.000000000000000000e+03
2.205444273240878829e+03
1.000000000000000000e+03
2.381928805657618796e+03
1.000000000000000000e+03
2.297657145114761079e+03
1.000000000000000000e+03
2.144877721148921410e+03
1.000000000000000000e+03
2.355576626763067907e+03
1.000000000000000000e+03
2.123819683141715359e+03
1.000000000000000000e+03
2.007901702816947363e+03
1.000000000000000000e+03
2.281853739480866352e+03
1.000000000000000000e+03
2.323969815495249350e+03
1.000000000000000000e+03
2.050057287345407531e+03
1.000000000000000000e+03
2.163328197226510383e+03
1.000000000000000000e+03
2.437240725376323098e+03
1.000000000000000000e+03
2.410888546481757658e+03
1.000000000000000000e+03
2.302911777488043299e+03
1.000000000000000000e+03
2.005294140887359390e+03
1.000000000000000000e+03
2.342420291572838323e+03
1.000000000000000000e+03
2.292363004227401689e+03
1.000000000000000000e+03
2.381928805657633347e+03
1.000000000000000000e+03
2.210738414128252771e+03
1.000000000000000000e+03
2.255501560586300911e+03
1.000000000000000000e+03
2.244952787325659301e+03
1.000000000000000000e+03
2.392477578918245854e+03
1.000000000000000000e+03
2.268657895776559599e+03
1.000000000000000000e+03
2.400379281735193217e+03
1.000000000000000000e+03
2.142230650705227163e+03
1.000000000000000000e+03
2.287108371854148572e+03
1.000000000000000000e+03
2.297657145114761079e+03
1.000000000000000000e+03
2.002647070443694247e+03
1.000000000000000000e+03
2.039508514084795024e+03
1.000000000000000000e+03
2.115917980324738892e+03
1.000000000000000000e+03
2.308166409861325519e+03
1.000000000000000000e+03
2.397732211291528074e+03
1.000000000000000000e+03
2.424084390186093515e+03
1.000000000000000000e+03
2.086918730986537412e+03
1.000000000000000000e+03
2.194935008494328940e+03
1.000000000000000000e+03
2.387183438030886464e+03
1.000000000000000000e+03
2.305558847931737546e+03
1.000000000000000000e+03
2.158034056339121889e+03
1.000000000000000000e+03
2.100114574690873269e+03
1.000000000000000000e+03
2.071115325352584478e+03
1.000000000000000000e+03
2.123819683141744463e+03
1.000000000000000000e+03
2.260756192959583132e+03
1.000000000000000000e+03
2.463592904270830331e+03
1.000000000000000000e+03
2.334518588755920064e+03
1.000000000000000000e+03
2.150132353522174526e+03
1.000000000000000000e+03
2.360870767650427297e+03
1.000000000000000000e+03
2.071115325352584478e+03
1.000000000000000000e+03
2.179131602860463317e+03
1.000000000000000000e+03
2.466200466200418305e+03
1.000000000000000000e+03
2.455691201453912072e+03
1.000000000000000000e+03
2.434593654932687059e+03
1.000000000000000000e+03
2.100114574690815061e+03
1.000000000000000000e+03
2.229149381691764574e+03
1.000000000000000000e+03
2.179131602860405110e+03
1.000000000000000000e+03
2.276559598593506962e+03
1.000000000000000000e+03
2.115917980324767996e+03
1.000000000000000000e+03
2.126427245071274228e+03
1.000000000000000000e+03
2.381928805657662451e+03
1.000000000000000000e+03
2.108016277507762425e+03
1.000000000000000000e+03
2.121172612698050216e+03
1.000000000000000000e+03
2.237051084508711938e+03
1.000000000000000000e+03
2.123819683141715359e+03
1.000000000000000000e+03
2.418790249298734125e+03
1.000000000000000000e+03
2.076409466239972971e+03
1.000000000000000000e+03
2.284461301410454325e+03
1.000000000000000000e+03
2.092212871873867698e+03
1.000000000000000000e+03
2.173837461973074824e+03
1.000000000000000000e+03
2.026352178894565441e+03
1.000000000000000000e+03
2.187033305677352473e+03
1.000000000000000000e+03
2.197542570423916914e+03
1.000000000000000000e+03
2.226541819762147497e+03
1.000000000000000000e+03
2.113270909881102853e+03
1.000000000000000000e+03
2.071115325352642685e+03
1.000000000000000000e+03
2.121172612697992008e+03
1.000000000000000000e+03
2.400379281735222321e+03
1.000000000000000000e+03
2.152779423965897877e+03
1.000000000000000000e+03
2.229149381691706367e+03
1.000000000000000000e+03
2.218640116945200134e+03
1.000000000000000000e+03
2.379281735213939101e+03
1.000000000000000000e+03
2.000000000000000000e+03
2.311000000000000000e+03
1.000000000000000000e+03
2.000000000000000000e+03
1.000000000000000000e+03
2.453044131010246929e+03
1.000000000000000000e+03
2.179131602860405110e+03
1.000000000000000000e+03
2.402986843664781190e+03
1.000000000000000000e+03
2.210738414128252771e+03
1.000000000000000000e+03
2.426691952115681488e+03
1.000000000000000000e+03
2.352969064833479933e+03
1.000000000000000000e+03
2.279206669037172105e+03
1.000000000000000000e+03
2.260756192959612235e+03
1.000000000000000000e+03
2.131721385958662722e+03
1.000000000000000000e+03
2.418790249298734125e+03
1.000000000000000000e+03
2.289755442297784612e+03
1.000000000000000000e+03
2.189640867606969550e+03
1.000000000000000000e+03
2.129074315514997579e+03
1.000000000000000000e+03
2.297657145114790183e+03
1.000000000000000000e+03
2.466200466200476512e+03
1.000000000000000000e+03
2.242345225396042224e+03
1.000000000000000000e+03
2.176484532416739967e+03
1.000000000000000000e+03
2.031606811267847661e+03
1.000000000000000000e+03
2.218640116945200134e+03
1.000000000000000000e+03
2.237051084508711938e+03
1.000000000000000000e+03
2.034253881711512804e+03
1.000000000000000000e+03
2.076409466239972971e+03
1.000000000000000000e+03
2.458298763383470941e+03
1.000000000000000000e+03
2.100114574690873269e+03
1.000000000000000000e+03
2.450397060566523578e+03
1.000000000000000000e+03
2.431986093003069982e+03
1.000000000000000000e+03
2.176484532416739967e+03
1.000000000000000000e+03
2.173837461973016616e+03
1.000000000000000000e+03
2.345067362016532570e+03
1.000000000000000000e+03
2.063213622535695322e+03
1.000000000000000000e+03
2.447789498636906501e+03
1.000000000000000000e+03
2.442495357749634422e+03
1.000000000000000000e+03
2.057958990162354894e+03
1.000000000000000000e+03
2.384575876101327594e+03
1.000000000000000000e+03
2.268657895776501391e+03
1.000000000000000000e+03
2.013195843704335857e+03
1.000000000000000000e+03
2.118525542254326865e+03
1.000000000000000000e+03
2.013195843704335857e+03
1.000000000000000000e+03
2.300264707044349052e+03
1.000000000000000000e+03
2.431986093003069982e+03
1.000000000000000000e+03
2.410888546481786761e+03
1.000000000000000000e+03
2.345067362016532570e+03
1.000000000000000000e+03
2.229149381691706367e+03
1.000000000000000000e+03
2.044802654972183518e+03
1.000000000000000000e+03
2.057958990162354894e+03
1.000000000000000000e+03
2.031606811267789453e+03
1.000000000000000000e+03
2.121172612698050216e+03
1.000000000000000000e+03
2.139623088775668293e+03
1.000000000000000000e+03
2.192287938050576486e+03
1.000000000000000000e+03
2.221247678874875419e+03
1.000000000000000000e+03
2.381928805657546036e+03
1.000000000000000000e+03
2.163328197226510383e+03
1.000000000000000000e+03
2.387183438030886464e+03
1.000000000000000000e+03
2.052704357789130881e+03
1.000000000000000000e+03
2.347674923946149647e+03
1.000000000000000000e+03
2.463592904270859435e+03
1.000000000000000000e+03
2.152779423965839669e+03
1.000000000000000000e+03
2.458298763383529149e+03
1.000000000000000000e+03
2.424084390186122619e+03
1.000000000000000000e+03
2.355576626762980595e+03
1.000000000000000000e+03
2.028999249338288791e+03
1.000000000000000000e+03
2.252854490142664872e+03
1.000000000000000000e+03
2.345067362016416155e+03
1.000000000000000000e+03
2.197542570424033329e+03
1.000000000000000000e+03
2.437240725376293994e+03
1.000000000000000000e+03
2.187033305677352473e+03
1.000000000000000000e+03
2.168582829599734396e+03
1.000000000000000000e+03
2.134328947888338007e+03
1.000000000000000000e+03
2.076409466239972971e+03
1.000000000000000000e+03
2.363478329580044374e+03
1.000000000000000000e+03
2.242345225395984016e+03
1.000000000000000000e+03
2.150132353522232734e+03
1.000000000000000000e+03
2.360870767650427297e+03
1.000000000000000000e+03
2.316068112678243779e+03
1.000000000000000000e+03
2.381928805657662451e+03
1.000000000000000000e+03
2.424084390186122619e+03
1.000000000000000000e+03
2.031606811267789453e+03
1.000000000000000000e+03
2.115917980324709788e+03
1.000000000000000000e+03
2.287108371854177676e+03
1.000000000000000000e+03
2.039508514084736817e+03
1.000000000000000000e+03
2.005294140887446702e+03
1.000000000000000000e+03
2.363478329579927959e+03
1.000000000000000000e+03
2.092212871873984113e+03
1.000000000000000000e+03
2.237051084508653730e+03
1.000000000000000000e+03
2.295010074671125039e+03
1.000000000000000000e+03
2.163328197226510383e+03
1.000000000000000000e+03
2.215993046501534991e+03
1.000000000000000000e+03
2.292363004227401689e+03
1.000000000000000000e+03
2.342420291572809219e+03
1.000000000000000000e+03
2.060606060606078245e+03
1.000000000000000000e+03
2.302911777488072403e+03
1.000000000000000000e+03
2.442495357749518007e+03
1.000000000000000000e+03
2.366125400023767725e+03
1.000000000000000000e+03
2.392477578918216750e+03
1.000000000000000000e+03
2.165935759156127460e+03
1.000000000000000000e+03
2.345067362016532570e+03
1.000000000000000000e+03
2.302911777487955987e+03
1.000000000000000000e+03
2.434593654932687059e+03
1.000000000000000000e+03
2.424084390186122619e+03
1.000000000000000000e+03
2.205444273240864277e+03
1.000000000000000000e+03
2.129074315514997579e+03
1.000000000000000000e+03
2.202836711311247200e+03
1.000000000000000000e+03
2.366125400023767725e+03
1.000000000000000000e+03
2.165935759156011045e+03
1.000000000000000000e+03
2.192287938050692901e+03
1.000000000000000000e+03
2.202836711311247200e+03
1.000000000000000000e+03
2.379281735213939101e+03
1.000000000000000000e+03
2.202836711311363615e+03
1.000000000000000000e+03
2.239698154952377081e+03
1.000000000000000000e+03
2.442495357749518007e+03
1.000000000000000000e+03
2.345067362016532570e+03
1.000000000000000000e+03
2.173837461973074824e+03
1.000000000000000000e+03
2.455691201453912072e+03
1.000000000000000000e+03
2.252854490142664872e+03
1.000000000000000000e+03
2.215993046501534991e+03
1.000000000000000000e+03
2.068507763423025608e+03
1.000000000000000000e+03
2.000000000000000000e+03
3.894000000000000000e+03
1.000000000000000000e+03
2.000000000000000000e+03
1.000000000000000000e+03
2.184386235233745538e+03
1.000000000000000000e+03
2.424084390186006203e+03
1.000000000000000000e+03
2.381928805657662451e+03
1.000000000000000000e+03
2.150132353522116318e+03
1.000000000000000000e+03
2.305558847931795754e+03
1.000000000000000000e+03
2.308166409861296415e+03
1.000000000000000000e+03
2.234443522579153068e+03
1.000000000000000000e+03
2.355576626763097011e+03
1.000000000000000000e+03
2.352969064833363518e+03
1.000000000000000000e+03
2.079017028169590048e+03
1.000000000000000000e+03
2.453044131010305136e+03
1.000000000000000000e+03
2.281853739480837248e+03
1.000000000000000000e+03
2.010548773260670714e+03
1.000000000000000000e+03
2.410888546481728554e+03
1.000000000000000000e+03
2.400379281735164113e+03
1.000000000000000000e+03
2.221247678874875419e+03
1.000000000000000000e+03
2.400379281735164113e+03
1.000000000000000000e+03
2.142230650705285370e+03
1.000000000000000000e+03
2.318715183121967129e+03
1.000000000000000000e+03
2.028999249338172376e+03
1.000000000000000000e+03
2.113270909881102853e+03
1.000000000000000000e+03
2.063213622535578907e+03
1.000000000000000000e+03
2.123819683141773567e+03
1.000000000000000000e+03
2.395085140847833827e+03
1.000000000000000000e+03
2.115917980324826203e+03
1.000000000000000000e+03
2.450397060566465370e+03
1.000000000000000000e+03
2.144877721148892306e+03
1.000000000000000000e+03
2.218640116945258342e+03
1.000000000000000000e+03
2.389830508474609815e+03
1.000000000000000000e+03
2.276559598593506962e+03
1.000000000000000000e+03
2.463592904270859435e+03
1.000000000000000000e+03
2.292363004227401689e+03
1.000000000000000000e+03
2.187033305677352473e+03
1.000000000000000000e+03
2.458298763383529149e+03
1.000000000000000000e+03
2.044802654972067103e+03
1.000000000000000000e+03
2.197542570424033329e+03
1.000000000000000000e+03
2.397732211291440763e+03
1.000000000000000000e+03
2.226541819762205705e+03
1.000000000000000000e+03
2.387183438030886464e+03
1.000000000000000000e+03
2.337165659199585207e+03
1.000000000000000000e+03
2.197542570423916914e+03
1.000000000000000000e+03
2.187033305677352473e+03
1.000000000000000000e+03
2.121172612698050216e+03
1.000000000000000000e+03
2.331871518312138505e+03
1.000000000000000000e+03
2.210738414128310978e+03
1.000000000000000000e+03
2.410888546481728554e+03
1.000000000000000000e+03
2.044802654972183518e+03
1.000000000000000000e+03
2.402986843664781190e+03
1.000000000000000000e+03
2.152779423965839669e+03
1.000000000000000000e+03
2.455691201453912072e+03
1.000000000000000000e+03
2.397732211291557178e+03
1.000000000000000000e+03
2.205444273240864277e+03
1.000000000000000000e+03
2.121172612698050216e+03
1.000000000000000000e+03
2.194935008494299836e+03
1.000000000000000000e+03
2.089565801430260763e+03
1.000000000000000000e+03
2.229149381691706367e+03
1.000000000000000000e+03
2.374027102840715088e+03
1.000000000000000000e+03
2.234443522579153068e+03
1.000000000000000000e+03
2.255501560586271808e+03
1.000000000000000000e+03
2.094820433803484775e+03
1.000000000000000000e+03
2.389830508474609815e+03
1.000000000000000000e+03
2.258148631029878743e+03
1.000000000000000000e+03
2.279206669037230313e+03
1.000000000000000000e+03
2.395085140847833827e+03
1.000000000000000000e+03
2.226541819762205705e+03
1.000000000000000000e+03
2.023705108450842090e+03
1.000000000000000000e+03
2.192287938050692901e+03
1.000000000000000000e+03
2.329263956382521428e+03
1.000000000000000000e+03
2.426691952115739696e+03
1.000000000000000000e+03
2.115917980324709788e+03
1.000000000000000000e+03
2.094820433803484775e+03
1.000000000000000000e+03
2.108016277507878840e+03
1.000000000000000000e+03
2.055311919718631543e+03
1.000000000000000000e+03
2.242345225396100432e+03
1.000000000000000000e+03
2.034253881711512804e+03
1.000000000000000000e+03
2.165935759156127460e+03
1.000000000000000000e+03
2.160681126782787032e+03
1.000000000000000000e+03
2.250246928213047795e+03
1.000000000000000000e+03
2.342420291572809219e+03
1.000000000000000000e+03
2.252854490142664872e+03
1.000000000000000000e+03
2.210738414128194563e+03
1.000000000000000000e+03
2.118525542254326865e+03
1.000000000000000000e+03
2.279206669037230313e+03
1.000000000000000000e+03
2.400379281735164113e+03
1.000000000000000000e+03
2.073762395796366036e+03
1.000000000000000000e+03
2.142230650705285370e+03
1.000000000000000000e+03
2.255501560586271808e+03
1.000000000000000000e+03
2.052704357789130881e+03
1.000000000000000000e+03
2.071115325352409855e+03
1.000000000000000000e+03
2.431986093003069982e+03
1.000000000000000000e+03
2.176484532416798174e+03
1.000000000000000000e+03
2.071115325352642685e+03
1.000000000000000000e+03
2.313460550748743117e+03
1.000000000000000000e+03
2.181739164789905772e+03
1.000000000000000000e+03
2.397732211291557178e+03
1.000000000000000000e+03
2.297657145114848390e+03
1.000000000000000000e+03
2.073762395796133205e+03
1.000000000000000000e+03
2.229149381691822782e+03
1.000000000000000000e+03
2.115917980324709788e+03
1.000000000000000000e+03
2.379281735213939101e+03
1.000000000000000000e+03
2.231796452135546133e+03
1.000000000000000000e+03
2.092212871873751283e+03
1.000000000000000000e+03
2.371380032397108153e+03
1.000000000000000000e+03
2.266050333846826106e+03
1.000000000000000000e+03
2.102722136620432138e+03
1.000000000000000000e+03
2.368772470467491075e+03
1.000000000000000000e+03
2.192287938050692901e+03
1.000000000000000000e+03
2.402986843664664775e+03
1.000000000000000000e+03
2.144877721149008721e+03
1.000000000000000000e+03
2.360870767650427297e+03
1.000000000000000000e+03
2.039508514084853232e+03
1.000000000000000000e+03
2.044802654972067103e+03
1.000000000000000000e+03
2.010548773260554299e+03
1.000000000000000000e+03
2.039508514084853232e+03
1.000000000000000000e+03
2.005294140887446702e+03
1.000000000000000000e+03
2.079017028169473633e+03
1.000000000000000000e+03
2.000000000000000000e+03
3.713000000000000000e+03
1.000000000000000000e+03
2.000000000000000000e+03
1.000000000000000000e+03
2.218640116945141926e+03
1.000000000000000000e+03
2.244952787325717509e+03
1.000000000000000000e+03
2.200189640867523849e+03
1.000000000000000000e+03
2.431986093003069982e+03
1.000000000000000000e+03
2.379281735213939101e+03
1.000000000000000000e+03
2.281853739480953664e+03
1.000000000000000000e+03
2.097467504247091711e+03
1.000000000000000000e+03
2.308166409861296415e+03
1.000000000000000000e+03
2.239698154952377081e+03
1.000000000000000000e+03
2.431986093003069982e+03
1.000000000000000000e+03
2.189640867606969550e+03
1.000000000000000000e+03
2.068507763423025608e+03
1.000000000000000000e+03
2.181739164790138602e+03
1.000000000000000000e+03
2.044802654972067103e+03
1.000000000000000000e+03
2.126427245071390644e+03
1.000000000000000000e+03
2.455691201453795657e+03
1.000000000000000000e+03
2.181739164790138602e+03
1.000000000000000000e+03
2.439887795819900930e+03
1.000000000000000000e+03
2.121172612698050216e+03
1.000000000000000000e+03
2.023705108450958505e+03
1.000000000000000000e+03
2.060606060605961829e+03
1.000000000000000000e+03
2.244952787325717509e+03
1.000000000000000000e+03
2.139623088775668293e+03
1.000000000000000000e+03
2.410888546481728554e+03
1.000000000000000000e+03
2.218640116945141926e+03
1.000000000000000000e+03
2.150132353522116318e+03
1.000000000000000000e+03
2.176484532416798174e+03
1.000000000000000000e+03
2.131721385958604515e+03
1.000000000000000000e+03
2.105369207064155489e+03
1.000000000000000000e+03
2.339773221129318699e+03
1.000000000000000000e+03
2.171229900043457747e+03
1.000000000000000000e+03
2.031606811267789453e+03
1.000000000000000000e+03
2.139623088775668293e+03
1.000000000000000000e+03
2.292363004227401689e+03
1.000000000000000000e+03
2.295010074670892209e+03
1.000000000000000000e+03
2.115917980324942619e+03
1.000000000000000000e+03
2.213345976057695225e+03
1.000000000000000000e+03
2.013195843704277650e+03
1.000000000000000000e+03
2.358223697206936777e+03
1.000000000000000000e+03
2.339773221129085869e+03
1.000000000000000000e+03
2.352969064833363518e+03
1.000000000000000000e+03
2.395085140847833827e+03
1.000000000000000000e+03
2.445142428193474188e+03
1.000000000000000000e+03
2.052704357789130881e+03
1.000000000000000000e+03
2.010548773260554299e+03
1.000000000000000000e+03
2.308166409861296415e+03
1.000000000000000000e+03
2.242345225396100432e+03
1.000000000000000000e+03
2.252854490142548457e+03
1.000000000000000000e+03
2.374027102840598673e+03
1.000000000000000000e+03
2.021097546521341428e+03
1.000000000000000000e+03
2.389830508474726230e+03
1.000000000000000000e+03
2.229149381691589952e+03
1.000000000000000000e+03
2.310813480305019766e+03
1.000000000000000000e+03
2.202836711311247200e+03
1.000000000000000000e+03
2.389830508474726230e+03
1.000000000000000000e+03
2.395085140847833827e+03
1.000000000000000000e+03
2.163328197226393968e+03
1.000000000000000000e+03
2.434593654932687059e+03
1.000000000000000000e+03
2.129074315515113994e+03
1.000000000000000000e+03
2.368772470467258245e+03
1.000000000000000000e+03
2.205444273240864277e+03
1.000000000000000000e+03
2.360870767650427297e+03
1.000000000000000000e+03
2.158034056339180097e+03
1.000000000000000000e+03
2.297657145114848390e+03
1.000000000000000000e+03
2.063213622535578907e+03
1.000000000000000000e+03
2.202836711311247200e+03
1.000000000000000000e+03
2.331871518312254921e+03
1.000000000000000000e+03
2.281853739480953664e+03
1.000000000000000000e+03
2.039508514084620401e+03
1.000000000000000000e+03
2.108016277507878840e+03
1.000000000000000000e+03
2.331871518312254921e+03
1.000000000000000000e+03
2.163328197226393968e+03
1.000000000000000000e+03
2.221247678874759004e+03
1.000000000000000000e+03
2.036900952155236155e+03
1.000000000000000000e+03
2.323969815495191142e+03
1.000000000000000000e+03
2.424084390186239034e+03
1.000000000000000000e+03
2.231796452135313302e+03
1.000000000000000000e+03
2.000000000000000000e+03
1.000000000000000000e+03
2.021097546521341428e+03
1.000000000000000000e+03
2.165935759156011045e+03
1.000000000000000000e+03
2.255501560586271808e+03
1.000000000000000000e+03
2.005294140887446702e+03
1.000000000000000000e+03
2.031606811267789453e+03
1.000000000000000000e+03
2.376674173284322023e+03
1.000000000000000000e+03
2.142230650705285370e+03
1.000000000000000000e+03
2.076409466240089387e+03
1.000000000000000000e+03
2.260756192959379405e+03
1.000000000000000000e+03
2.068507763423025608e+03
1.000000000000000000e+03
2.205444273240864277e+03
1.000000000000000000e+03
2.092212871873984113e+03
1.000000000000000000e+03
2.015803405633894727e+03
1.000000000000000000e+03
2.289755442297784612e+03
1.000000000000000000e+03
2.395085140847833827e+03
1.000000000000000000e+03
2.218640116945374757e+03
1.000000000000000000e+03
2.173837461972841993e+03
1.000000000000000000e+03
2.242345225396100432e+03
1.000000000000000000e+03
2.152779423965839669e+03
1.000000000000000000e+03
2.355576626763213426e+03
1.000000000000000000e+03
2.210738414128310978e+03
1.000000000000000000e+03
2.323969815495191142e+03
1.000000000000000000e+03
2.424084390186006203e+03
1.000000000000000000e+03
2.031606811267789453e+03
1.000000000000000000e+03
2.187033305677352473e+03
1.000000000000000000e+03
2.189640867606969550e+03
1.000000000000000000e+03
2.021097546521341428e+03
1.000000000000000000e+03
2.442495357749518007e+03
1.000000000000000000e+03
2.068507763423025608e+03
1.000000000000000000e+03
2.300264707044465467e+03
1.000000000000000000e+03
2.034253881711512804e+03
1.000000000000000000e+03
2.028999249338172376e+03
1.000000000000000000e+03
2.118525542254326865e+03
1.000000000000000000e+03
2.329263956382637843e+03
1.000000000000000000e+03
2.129074315515113994e+03
1.000000000000000000e+03
2.173837461973074824e+03
1.000000000000000000e+03
2.171229900043457747e+03
1.000000000000000000e+03
2.205444273240864277e+03
1.000000000000000000e+03
2.000000000000000000e+03
2.254000000000000000e+03
1.000000000000000000e+03
2.000000000000000000e+03
1.000000000000000000e+03
2.223894749318482354e+03
1.000000000000000000e+03
2.163328197226393968e+03
1.000000000000000000e+03
2.042155584528576583e+03
1.000000000000000000e+03
2.126427245071390644e+03
1.000000000000000000e+03
2.100114574690815061e+03
1.000000000000000000e+03
2.150132353522116318e+03
1.000000000000000000e+03
2.297657145114848390e+03
1.000000000000000000e+03
2.402986843664664775e+03
1.000000000000000000e+03
2.439887795820133761e+03
1.000000000000000000e+03
2.426691952115623280e+03
1.000000000000000000e+03
2.279206669037230313e+03
1.000000000000000000e+03
2.266050333846826106e+03
1.000000000000000000e+03
2.252854490142781287e+03
1.000000000000000000e+03
2.108016277507646009e+03
1.000000000000000000e+03
2.413535616925451905e+03
1.000000000000000000e+03
2.323969815495191142e+03
1.000000000000000000e+03
2.129074315515113994e+03
1.000000000000000000e+03
2.273952036663889885e+03
1.000000000000000000e+03
2.015803405633894727e+03
1.000000000000000000e+03
2.028999249338172376e+03
1.000000000000000000e+03
2.231796452135546133e+03
1.000000000000000000e+03
2.142230650705285370e+03
1.000000000000000000e+03
2.113270909880986437e+03
1.000000000000000000e+03
2.147524791592499241e+03
1.000000000000000000e+03
2.126427245071390644e+03
1.000000000000000000e+03
2.194935008494416252e+03
1.000000000000000000e+03
2.339773221129085869e+03
1.000000000000000000e+03
2.329263956382637843e+03
1.000000000000000000e+03
2.050057287345407531e+03
1.000000000000000000e+03
2.134328947888221592e+03
1.000000000000000000e+03
2.223894749318482354e+03
1.000000000000000000e+03
2.060606060605961829e+03
1.000000000000000000e+03
2.358223697206936777e+03
1.000000000000000000e+03
2.418790249298559502e+03
1.000000000000000000e+03
2.366125400023767725e+03
1.000000000000000000e+03
2.171229900043457747e+03
1.000000000000000000e+03
2.094820433803601190e+03
1.000000000000000000e+03
2.297657145114615560e+03
1.000000000000000000e+03
2.389830508474726230e+03
1.000000000000000000e+03
2.300264707044232637e+03
1.000000000000000000e+03
2.147524791592732072e+03
1.000000000000000000e+03
2.023705108450725675e+03
1.000000000000000000e+03
2.108016277507878840e+03
1.000000000000000000e+03
2.442495357749518007e+03
1.000000000000000000e+03
2.028999249338172376e+03
1.000000000000000000e+03
2.023705108450958505e+03
1.000000000000000000e+03
2.397732211291557178e+03
1.000000000000000000e+03
2.345067362016532570e+03
1.000000000000000000e+03
2.413535616925451905e+03
1.000000000000000000e+03
2.047410216901684180e+03
1.000000000000000000e+03
2.295010074671125039e+03
1.000000000000000000e+03
2.084311169056920335e+03
1.000000000000000000e+03
2.102722136620432138e+03
1.000000000000000000e+03
2.352969064833596349e+03
1.000000000000000000e+03
2.323969815495191142e+03
1.000000000000000000e+03
2.060606060605961829e+03
1.000000000000000000e+03
2.026352178894681856e+03
1.000000000000000000e+03
2.466200466200476512e+03
1.000000000000000000e+03
2.447789498636964709e+03
1.000000000000000000e+03
2.189640867606969550e+03
1.000000000000000000e+03
2.295010074670892209e+03
1.000000000000000000e+03
2.313460550748743117e+03
1.000000000000000000e+03
2.421437319742515683e+03
1.000000000000000000e+03
2.316068112678127363e+03
1.000000000000000000e+03
2.115917980324942619e+03
1.000000000000000000e+03
2.102722136620432138e+03
1.000000000000000000e+03
2.073762395796133205e+03
1.000000000000000000e+03
2.179131602860521525e+03
1.000000000000000000e+03
2.413535616925451905e+03
1.000000000000000000e+03
2.134328947888221592e+03
1.000000000000000000e+03
2.247599857769440860e+03
1.000000000000000000e+03
2.084311169056920335e+03
1.000000000000000000e+03
2.381928805657662451e+03
1.000000000000000000e+03
2.055311919718515128e+03
1.000000000000000000e+03
2.136976018331944942e+03
1.000000000000000000e+03
2.416182687369175255e+03
1.000000000000000000e+03
2.366125400023767725e+03
1.000000000000000000e+03
2.331871518312254921e+03
1.000000000000000000e+03
2.050057287345407531e+03
1.000000000000000000e+03
2.123819683141540736e+03
1.000000000000000000e+03
2.208091343684587628e+03
1.000000000000000000e+03
2.000000000000000000e+03
1.000000000000000000e+03
2.097467504247324541e+03
1.000000000000000000e+03
2.013195843704277650e+03
1.000000000000000000e+03
2.334518588755745441e+03
1.000000000000000000e+03
2.410888546481961384e+03
1.000000000000000000e+03
2.184386235233629122e+03
1.000000000000000000e+03
2.179131602860288695e+03
1.000000000000000000e+03
2.205444273240864277e+03
1.000000000000000000e+03
2.424084390186239034e+03
1.000000000000000000e+03
2.229149381691589952e+03
1.000000000000000000e+03
2.313460550748743117e+03
1.000000000000000000e+03
2.355576626763213426e+03
1.000000000000000000e+03
2.060606060605961829e+03
1.000000000000000000e+03
2.042155584528576583e+03
1.000000000000000000e+03
2.339773221129085869e+03
1.000000000000000000e+03
2.021097546521341428e+03
1.000000000000000000e+03
2.410888546481728554e+03
1.000000000000000000e+03
2.360870767650427297e+03
1.000000000000000000e+03
2.252854490142548457e+03
1.000000000000000000e+03
2.147524791592499241e+03
1.000000000000000000e+03
2.110623839437495917e+03
1.000000000000000000e+03
2.042155584528576583e+03
1.000000000000000000e+03
2.210738414128078148e+03
1.000000000000000000e+03
2.221247678874759004e+03
1.000000000000000000e+03
2.250246928213164210e+03
1.000000000000000000e+03
2.168582829599734396e+03
1.000000000000000000e+03
2.458298763383412734e+03
1.000000000000000000e+03
2.155426494409563020e+03
1.000000000000000000e+03
2.110623839437495917e+03
1.000000000000000000e+03
2.431986093003069982e+03
1.000000000000000000e+03
2.158034056339180097e+03
1.000000000000000000e+03
2.218640116945141926e+03
1.000000000000000000e+03
2.252854490142548457e+03
1.000000000000000000e+03
2.021097546521341428e+03
1.000000000000000000e+03
2.015803405633894727e+03
1.000000000000000000e+03
2.000000000000000000e+03
2.000000000000000000e+03
