2.000000000000000000e+03
6.000000000000000000e+04
2.097902097902093374e+03
5.999999999999999272e+04
2.097902097902100650e+03
5.999999999999998545e+04
2.097902097902115202e+03
6.000000000000000000e+04
2.097902097902086098e+03
5.999999999999997090e+04
2.000000000000000000e+03
3.707000000000000000e+03
6.000000000000000000e+04
2.191142191142193042e+03
6.000000000000000000e+04
2.377622377622348722e+03
6.000000000000000000e+04
2.191142191142193042e+03
6.000000000000005821e+04
2.097902097902027890e+03
6.000000000000000000e+04
2.000000000000000000e+03
2.285000000000000000e+03
6.000000000000000000e+04
2.377622377622406930e+03
6.000000000000000000e+04
2.284382284382241778e+03
6.000000000000000000e+04
2.097902097902144305e+03
6.000000000000000000e+04
2.284382284382241778e+03
6.000000000000000000e+04
2.000000000000000000e+03
3.374000000000000000e+03
6.000000000000000000e+04
2.284382284382241778e+03
6.000000000000000000e+04
2.097902097902027890e+03
6.000000000000000000e+04
2.284382284382358193e+03
6.000000000000000000e+04
2.377622377622406930e+03
6.000000000000000000e+04
2.000000000000000000e+03
3.727000000000000000e+03
6.000000000000000000e+04
2.191142191142076626e+03
6.000000000000000000e+04
2.097902097902260721e+03
6.000000000000000000e+04
2.097902097902027890e+03
6.000000000000000000e+04
2.191142191142309457e+03
6.000000000000000000e+04
2.000000000000000000e+03
2.000000000000000000e+03
