2.000000000000000000e+03
5.000000000000000000e+03
2.000000000000000000e+03
5.000000000000000000e+03
2.097902097902097012e+03
5.000000000000000000e+03
2.074592074592073914e+03
5.000000000000000000e+03
2.048951048951050325e+03
4.999999999999996362e+03
2.303030303030303912e+03
5.000000000000000000e+03
2.030303030303031846e+03
5.000000000000000000e+03
2.279720279720277176e+03
5.000000000000000000e+03
2.433566433566433261e+03
5.000000000000000000e+03
2.130536130536136625e+03
5.000000000000000000e+03
2.235431235431227833e+03
5.000000000000000000e+03
2.321678321678322391e+03
5.000000000000000000e+03
2.123543123543116963e+03
5.000000000000000000e+03
2.447552447552458034e+03
5.000000000000000000e+03
2.377622377622377826e+03
5.000000000000000000e+03
2.410256410256406525e+03
5.000000000000000000e+03
2.284382284382285434e+03
5.000000000000000000e+03
2.372960372960369568e+03
5.000000000000000000e+03
2.321678321678322391e+03
5.000000000000000000e+03
2.205128205128188711e+03
5.000000000000000000e+03
2.340326340326340869e+03
5.000000000000000000e+03
2.000000000000000000e+03
5.000000000000000000e+03
2.011655011655035196e+03
5.000000000000000000e+03
2.191142191142163938e+03
5.000000000000000000e+03
2.055944055944069987e+03
5.000000000000000000e+03
2.209790209790196968e+03
5.000000000000000000e+03
2.037296037296036957e+03
5.000000000000000000e+03
2.321678321678336943e+03
5.000000000000000000e+03
2.104895104895113036e+03
5.000000000000000000e+03
2.167832167832151754e+03
5.000000000000000000e+03
2.433566433566447813e+03
5.000000000000000000e+03
2.111888111888110870e+03
5.000000000000000000e+03
2.153846153846156085e+03
5.000000000000000000e+03
2.391608391608373495e+03
5.000000000000000000e+03
2.104895104895113036e+03
5.000000000000000000e+03
2.265734265734266955e+03
5.000000000000000000e+03
2.310023310023301747e+03
4.999999999999970896e+03
2.055944055944099091e+03
5.000000000000000000e+03
2.104895104895113036e+03
5.000000000000000000e+03
2.265734265734266955e+03
5.000000000000000000e+03
2.216783216783194803e+03
5.000000000000000000e+03
2.335664335664303508e+03
5.000000000000000000e+03
2.104895104895113036e+03
5.000000000000000000e+03
2.377622377622406930e+03
5.000000000000000000e+03
2.272727272727235686e+03
5.000000000000000000e+03
2.018648018648033030e+03
5.000000000000000000e+03
2.414918414918414783e+03
5.000000000000000000e+03
2.074592074592073914e+03
5.000000000000000000e+03
2.011655011655006092e+03
5.000000000000000000e+03
2.228438228438259102e+03
5.000000000000000000e+03
2.000000000000000000e+03
3.107000000000000000e+03
5.000000000000000000e+03
2.000000000000000000e+03
5.000000000000000000e+03
2.321678321678307839e+03
5.000000000000000000e+03
2.037296037296066061e+03
5.000000000000000000e+03
2.452214452214422636e+03
5.000000000000000000e+03
2.018648018648033030e+03
5.000000000000000000e+03
2.123543123543146066e+03
5.000000000000000000e+03
2.060606060606020037e+03
5.000000000000000000e+03
2.317016317016328685e+03
5.000000000000000000e+03
2.265734265734266955e+03
5.000000000000000000e+03
2.030303030303039122e+03
5.000000000000000000e+03
2.130536130536114797e+03
5.000000000000000000e+03
2.452214452214480843e+03
5.000000000000000000e+03
2.447552447552443482e+03
5.000000000000000000e+03
2.310023310023301747e+03
5.000000000000000000e+03
2.265734265734266955e+03
5.000000000000000000e+03
2.130536130536114797e+03
5.000000000000000000e+03
2.433566433566447813e+03
5.000000000000000000e+03
2.149184149184147827e+03
5.000000000000000000e+03
2.135198135198093951e+03
5.000000000000000000e+03
2.298368298368353862e+03
5.000000000000000000e+03
2.358974358974315692e+03
5.000000000000000000e+03
2.410256410256435629e+03
5.000000000000000000e+03
2.452214452214422636e+03
5.000000000000000000e+03
2.018648018648033030e+03
5.000000000000000000e+03
2.303030303030274808e+03
5.000000000000000000e+03
2.205128205128246918e+03
5.000000000000000000e+03
2.191142191142193042e+03
5.000000000000000000e+03
2.254079254079260863e+03
5.000000000000000000e+03
2.317016317016328685e+03
5.000000000000000000e+03
2.172494172494160011e+03
5.000000000000000000e+03
2.335664335664361715e+03
5.000000000000000000e+03
2.153846153846126981e+03
5.000000000000000000e+03
2.261072261072229594e+03
5.000000000000000000e+03
2.396270396270439960e+03
5.000000000000000000e+03
2.074592074592015706e+03
5.000000000000000000e+03
2.086247086247080006e+03
5.000000000000000000e+03
2.172494172494160011e+03
5.000000000000000000e+03
2.335664335664361715e+03
5.000000000000000000e+03
2.060606060606078245e+03
5.000000000000000000e+03
2.216783216783194803e+03
5.000000000000000000e+03
2.372960372960427776e+03
5.000000000000000000e+03
2.011655011654947884e+03
5.000000000000000000e+03
2.153846153846126981e+03
5.000000000000000000e+03
2.335664335664361715e+03
5.000000000000000000e+03
2.303030303030274808e+03
5.000000000000000000e+03
2.428904428904526867e+03
5.000000000000000000e+03
2.247086247086175717e+03
5.000000000000000000e+03
2.403263403263408691e+03
5.000000000000000000e+03
2.205128205128246918e+03
5.000000000000000000e+03
2.000000000000000000e+03
3.329000000000000000e+03
5.000000000000000000e+03
2.000000000000000000e+03
5.000000000000000000e+03
2.384615384615375660e+03
5.000000000000000000e+03
2.396270396270439960e+03
5.000000000000000000e+03
2.216783216783194803e+03
5.000000000000000000e+03
2.410256410256377421e+03
5.000000000000000000e+03
2.265734265734325163e+03
5.000000000000000000e+03
2.410256410256377421e+03
5.000000000000000000e+03
2.396270396270439960e+03
5.000000000000000000e+03
2.410256410256377421e+03
5.000000000000000000e+03
2.384615384615375660e+03
5.000000000000000000e+03
2.135198135198093951e+03
5.000000000000000000e+03
2.298368298368295655e+03
5.000000000000000000e+03
2.060606060606078245e+03
5.000000000000000000e+03
2.384615384615375660e+03
5.000000000000000000e+03
2.074592074592132121e+03
5.000000000000000000e+03
2.067599067599046975e+03
5.000000000000000000e+03
2.265734265734208748e+03
5.000000000000000000e+03
2.048951048951130360e+03
5.000000000000000000e+03
2.111888111888081767e+03
5.000000000000000000e+03
2.291375291375326924e+03
5.000000000000000000e+03
2.116550116550060920e+03
5.000000000000000000e+03
2.298368298368295655e+03
5.000000000000000000e+03
2.303030303030274808e+03
5.000000000000000000e+03
2.130536130536114797e+03
5.000000000000000000e+03
2.191142191142193042e+03
5.000000000000000000e+03
2.179487179487245157e+03
5.000000000000000000e+03
2.354312354312278330e+03
5.000000000000000000e+03
2.135198135198210366e+03
5.000000000000000000e+03
2.372960372960311361e+03
5.000000000000000000e+03
2.135198135198210366e+03
5.000000000000000000e+03
2.186480186480097473e+03
5.000000000000000000e+03
2.048951048951130360e+03
5.000000000000000000e+03
2.414918414918356575e+03
5.000000000000000000e+03
2.384615384615375660e+03
5.000000000000000000e+03
2.447552447552443482e+03
5.000000000000000000e+03
2.254079254079260863e+03
5.000000000000000000e+03
2.358974358974373899e+03
5.000000000000000000e+03
2.055944055944099091e+03
5.000000000000000000e+03
2.079254079254111275e+03
5.000000000000000000e+03
2.421911421911325306e+03
5.000000000000000000e+03
2.000000000000000000e+03
5.000000000000000000e+03
2.116550116550177336e+03
5.000000000000000000e+03
2.298368298368295655e+03
5.000000000000000000e+03
2.067599067599046975e+03
5.000000000000000000e+03
2.004662004661979154e+03
5.000000000000000000e+03
2.272727272727293894e+03
5.000000000000000000e+03
2.335664335664361715e+03
5.000000000000000000e+03
2.153846153846243396e+03
5.000000000000000000e+03
2.466200466200243682e+03
5.000000000000000000e+03
2.000000000000000000e+03
3.187000000000000000e+03
5.000000000000000000e+03
2.000000000000000000e+03
5.000000000000000000e+03
2.414918414918472990e+03
5.000000000000000000e+03
2.149184149184031412e+03
5.000000000000000000e+03
2.216783216783311218e+03
5.000000000000000000e+03
2.247086247086292133e+03
5.000000000000000000e+03
2.354312354312278330e+03
5.000000000000000000e+03
2.321678321678424254e+03
5.000000000000000000e+03
2.365967365967342630e+03
5.000000000000000000e+03
2.111888111887965351e+03
5.000000000000000000e+03
2.123543123543262482e+03
5.000000000000000000e+03
2.340326340326340869e+03
5.000000000000000000e+03
2.298368298368295655e+03
5.000000000000000000e+03
2.265734265734208748e+03
5.000000000000000000e+03
2.272727272727293894e+03
5.000000000000000000e+03
2.466200466200476512e+03
5.000000000000000000e+03
2.321678321678191423e+03
5.000000000000000000e+03
2.223776223776396364e+03
5.000000000000000000e+03
2.116550116549944505e+03
5.000000000000000000e+03
2.055944055944215506e+03
5.000000000000000000e+03
2.142191142190946266e+03
5.000000000000000000e+03
2.452214452214539051e+03
5.000000000000000000e+03
2.018648018648149446e+03
5.000000000000000000e+03
2.209790209789993241e+03
5.000000000000000000e+03
2.104895104895113036e+03
5.000000000000000000e+03
2.372960372960427776e+03
5.000000000000000000e+03
2.004662004661979154e+03
5.000000000000000000e+03
2.335664335664361715e+03
5.000000000000000000e+03
2.291375291375443339e+03
5.000000000000000000e+03
2.340326340326340869e+03
5.000000000000000000e+03
2.254079254079144448e+03
5.000000000000000000e+03
2.242424242424312979e+03
5.000000000000000000e+03
2.011655011654831469e+03
5.000000000000000000e+03
2.153846153846243396e+03
5.000000000000000000e+03
2.310023310023359954e+03
5.000000000000000000e+03
2.130536130536114797e+03
5.000000000000000000e+03
2.254079254079144448e+03
5.000000000000000000e+03
2.041958041958045214e+03
5.000000000000000000e+03
2.086247086247196421e+03
5.000000000000000000e+03
2.410256410256493837e+03
5.000000000000000000e+03
2.079254079253878444e+03
5.000000000000000000e+03
2.186480186480330303e+03
5.000000000000000000e+03
2.104895104895113036e+03
5.000000000000000000e+03
2.303030303030274808e+03
5.000000000000000000e+03
2.086247086246963590e+03
5.000000000000000000e+03
2.279720279720379040e+03
5.000000000000000000e+03
2.303030303030274808e+03
5.000000000000000000e+03
2.205128205128246918e+03
5.000000000000000000e+03
2.452214452214539051e+03
5.000000000000000000e+03
2.111888111887965351e+03
5.000000000000000000e+03
2.000000000000000000e+03
3.355000000000000000e+03
5.000000000000000000e+03
2.000000000000000000e+03
5.000000000000000000e+03
2.067599067599046975e+03
5.000000000000000000e+03
2.191142191142309457e+03
5.000000000000000000e+03
2.298368298368295655e+03
5.000000000000000000e+03
2.172494172494160011e+03
5.000000000000000000e+03
2.149184149184031412e+03
5.000000000000000000e+03
2.153846153846243396e+03
5.000000000000000000e+03
2.347319347319193184e+03
5.000000000000000000e+03
2.261072261072462425e+03
5.000000000000000000e+03
2.023310023309895769e+03
5.000000000000000000e+03
2.037296037296066061e+03
5.000000000000000000e+03
2.041958041958045214e+03
5.000000000000000000e+03
2.428904428904410452e+03
5.000000000000000000e+03
2.041958041958045214e+03
5.000000000000000000e+03
2.354312354312278330e+03
5.000000000000000000e+03
2.254079254079377279e+03
5.000000000000000000e+03
2.265734265734208748e+03
5.000000000000000000e+03
2.291375291375210509e+03
5.000000000000000000e+03
2.317016317016445100e+03
5.000000000000000000e+03
2.097902097902027890e+03
5.000000000000000000e+03
2.018648018648149446e+03
5.000000000000000000e+03
2.384615384615259245e+03
5.000000000000000000e+03
2.377622377622406930e+03
5.000000000000000000e+03
2.403263403263408691e+03
5.000000000000000000e+03
2.410256410256493837e+03
5.000000000000000000e+03
2.086247086246963590e+03
5.000000000000000000e+03
2.116550116550177336e+03
5.000000000000000000e+03
2.384615384615259245e+03
5.000000000000000000e+03
2.205128205128246918e+03
5.000000000000000000e+03
2.041958041958045214e+03
5.000000000000000000e+03
2.335664335664361715e+03
5.000000000000000000e+03
2.403263403263408691e+03
5.000000000000000000e+03
2.433566433566389605e+03
5.000000000000000000e+03
2.179487179487245157e+03
5.000000000000000000e+03
2.317016317016212270e+03
5.000000000000000000e+03
2.004662004662211984e+03
5.000000000000000000e+03
2.261072261072229594e+03
5.000000000000000000e+03
2.358974358974257484e+03
5.000000000000000000e+03
2.111888111888198182e+03
5.000000000000000000e+03
2.123543123543029651e+03
5.000000000000000000e+03
2.079254079254111275e+03
5.000000000000000000e+03
2.254079254079144448e+03
5.000000000000000000e+03
2.298368298368295655e+03
5.000000000000000000e+03
2.228438228438375518e+03
5.000000000000000000e+03
2.130536130536114797e+03
5.000000000000000000e+03
2.041958041958045214e+03
5.000000000000000000e+03
2.093240093240048736e+03
5.000000000000000000e+03
2.328671328671276569e+03
5.000000000000000000e+03
2.265734265734441578e+03
5.000000000000000000e+03
2.000000000000000000e+03
2.000000000000000000e+03
