2.000000000000000000e+03
6.000000000000000000e+04
2.377622377622370550e+03
6.000000000000000728e+04
2.377622377622363274e+03
6.000000000000001455e+04
2.284382284382270882e+03
6.000000000000000000e+04
2.097902097902086098e+03
5.999999999999997090e+04
2.000000000000000000e+03
3.034000000000000000e+03
6.000000000000000000e+04
2.377622377622348722e+03
6.000000000000000000e+04
2.377622377622406930e+03
6.000000000000000000e+04
2.377622377622348722e+03
6.000000000000000000e+04
2.377622377622406930e+03
6.000000000000000000e+04
2.000000000000000000e+03
2.690000000000000000e+03
6.000000000000000000e+04
2.191142191142193042e+03
6.000000000000000000e+04
2.191142191142193042e+03
6.000000000000000000e+04
2.191142191142193042e+03
6.000000000000000000e+04
2.191142191142193042e+03
6.000000000000000000e+04
2.000000000000000000e+03
3.903000000000000000e+03
6.000000000000000000e+04
2.097902097902144305e+03
6.000000000000011642e+04
2.097902097902027890e+03
6.000000000000000000e+04
2.191142191142076626e+03
6.000000000000000000e+04
2.377622377622406930e+03
6.000000000000000000e+04
2.000000000000000000e+03
3.478000000000000000e+03
6.000000000000000000e+04
2.284382284382358193e+03
6.000000000000000000e+04
2.284382284382125363e+03
6.000000000000000000e+04
2.284382284382358193e+03
6.000000000000000000e+04
2.284382284382358193e+03
6.000000000000000000e+04
2.000000000000000000e+03
2.000000000000000000e+03
