2.000000000000000000e+03
6.000000000000000000e+04
2.284382284382278158e+03
5.999999999999999272e+04
2.097902097902100650e+03
6.000000000000001455e+04
2.284382284382270882e+03
6.000000000000000000e+04
2.377622377622377826e+03
6.000000000000000000e+04
2.000000000000000000e+03
2.289000000000000000e+03
6.000000000000000000e+04
2.097902097902086098e+03
6.000000000000000000e+04
2.191142191142193042e+03
6.000000000000000000e+04
2.097902097902086098e+03
6.000000000000000000e+04
2.284382284382241778e+03
6.000000000000000000e+04
2.000000000000000000e+03
3.946000000000000000e+03
6.000000000000000000e+04
2.191142191142193042e+03
6.000000000000000000e+04
2.377622377622406930e+03
6.000000000000000000e+04
2.191142191142193042e+03
6.000000000000000000e+04
2.097902097902027890e+03
6.000000000000000000e+04
2.000000000000000000e+03
3.860000000000000000e+03
6.000000000000000000e+04
2.097902097902144305e+03
6.000000000000011642e+04
2.191142191142076626e+03
6.000000000000000000e+04
2.097902097902027890e+03
6.000000000000000000e+04
2.284382284382358193e+03
6.000000000000000000e+04
2.000000000000000000e+03
3.276000000000000000e+03
6.000000000000000000e+04
2.284382284382358193e+03
6.000000000000000000e+04
2.097902097902027890e+03
6.000000000000000000e+04
2.191142191142076626e+03
6.000000000000000000e+04
2.097902097902260721e+03
6.000000000000000000e+04
2.000000000000000000e+03
2.000000000000000000e+03
