2.000000000000000000e+03
5.000000000000000000e+03
2.450066273595684834e+03
5.000000000000000000e+03
2.376936788701494152e+03
5.000000000000000000e+03
2.239819004524884804e+03
5.000000000000000000e+03
2.029571735454090231e+03
5.000000000000003638e+03
2.285524932583750342e+03
5.000000000000000000e+03
2.322089675030852959e+03
5.000000000000000000e+03
2.248960190136662277e+03
5.000000000000000000e+03
2.148407148407146451e+03
5.000000000000000000e+03
2.148407148407146451e+03
5.000000000000000000e+03
2.066136477901178296e+03
5.000000000000000000e+03
2.111842405960051110e+03
5.000000000000000000e+03
2.102701220348288189e+03
5.000000000000000000e+03
2.267242561360209947e+03
5.000000000000000000e+03
2.157548334018909372e+03
5.000000000000000000e+03
2.285524932583764894e+03
5.000000000000000000e+03
2.440925087983909179e+03
5.000000000000000000e+03
2.358654417477941024e+03
5.000000000000000000e+03
2.422642716760354233e+03
5.000000000000000000e+03
2.011289364230557112e+03
5.000000000000000000e+03
2.248960190136655001e+03
5.000000000000000000e+03
2.367795603089733049e+03
5.000000000000000000e+03
2.386077974313258892e+03
5.000000000000000000e+03
2.322089675030845683e+03
5.000000000000000000e+03
2.322089675030845683e+03
5.000000000000000000e+03
2.358654417477955576e+03
5.000000000000000000e+03
2.376936788701481419e+03
5.000000000000000000e+03
2.221536633301351685e+03
5.000000000000000000e+03
2.157548334018909372e+03
5.000000000000000000e+03
2.267242561360209947e+03
5.000000000000000000e+03
2.422642716760368785e+03
5.000000000000000000e+03
2.322089675030845683e+03
5.000000000000000000e+03
2.084418849124747794e+03
5.000000000000000000e+03
2.047854106677637901e+03
5.000000000000000000e+03
2.157548334018909372e+03
5.000000000000000000e+03
2.340372046254400630e+03
5.000000000000000000e+03
2.221536633301322581e+03
5.000000000000000000e+03
2.367795603089733049e+03
5.000000000000000000e+03
2.203254262077796739e+03
5.000000000000000000e+03
2.029571735454082955e+03
5.000000000000000000e+03
2.120983591571857687e+03
5.000000000000000000e+03
2.267242561360180844e+03
5.000000000000000000e+03
2.194113076466019265e+03
5.000000000000000000e+03
2.440925087983894628e+03
5.000000000000000000e+03
2.166689519630686846e+03
5.000000000000000000e+03
2.312948489419126417e+03
5.000000000000000000e+03
2.230677818913070951e+03
5.000000000000000000e+03
2.230677818913129158e+03
5.000000000000000000e+03
2.358654417477955576e+03
5.000000000000000000e+03
2.175830705242464319e+03
5.000000000000000000e+03
2.395219159925007261e+03
5.000000000000000000e+03
2.000000000000000000e+03
2.103000000000000000e+03
5.000000000000000000e+03
2.276383746971958317e+03
5.000000000000000000e+03
2.367795603089733049e+03
5.000000000000000000e+03
2.020430549842305481e+03
5.000000000000000000e+03
2.276383746972016525e+03
5.000000000000000000e+03
2.002148178618750535e+03
5.000000000000000000e+03
2.002148178618750535e+03
5.000000000000000000e+03
2.376936788701510523e+03
5.000000000000000000e+03
2.267242561360180844e+03
5.000000000000000000e+03
2.175830705242522527e+03
5.000000000000000000e+03
2.294666118195513263e+03
5.000000000000000000e+03
2.349513231866178103e+03
5.000000000000000000e+03
2.221536633301351685e+03
5.000000000000000000e+03
2.312948489419068210e+03
5.000000000000000000e+03
2.157548334018909372e+03
5.000000000000000000e+03
2.404360345536784735e+03
5.000000000000000000e+03
2.386077974313287996e+03
5.000000000000000000e+03
2.248960190136684105e+03
5.000000000000000000e+03
2.020430549842305481e+03
5.000000000000000000e+03
2.011289364230528008e+03
5.000000000000000000e+03
2.212395447689574212e+03
5.000000000000000000e+03
2.303807303807290737e+03
5.000000000000000000e+03
2.111842405960080214e+03
5.000000000000000000e+03
2.038712921065860428e+03
5.000000000000000000e+03
2.011289364230469801e+03
5.000000000000000000e+03
2.084418849124806002e+03
5.000000000000000000e+03
2.422642716760281473e+03
5.000000000000000000e+03
2.184971890854300000e+03
5.000000000000000000e+03
2.166689519630745053e+03
5.000000000000000000e+03
2.047854106677579693e+03
5.000000000000000000e+03
2.120983591571799479e+03
5.000000000000000000e+03
2.194113076466019265e+03
5.000000000000000000e+03
2.221536633301409893e+03
5.000000000000000000e+03
2.212395447689574212e+03
5.000000000000000000e+03
2.157548334018909372e+03
5.000000000000000000e+03
2.203254262077738531e+03
5.000000000000000000e+03
2.294666118195513263e+03
5.000000000000000000e+03
2.294666118195513263e+03
5.000000000000000000e+03
2.130124777183635160e+03
5.000000000000000000e+03
2.248960190136684105e+03
5.000000000000000000e+03
2.376936788701452315e+03
5.000000000000000000e+03
2.440925087983952835e+03
5.000000000000000000e+03
2.038712921065860428e+03
5.000000000000000000e+03
2.011289364230469801e+03
5.000000000000000000e+03
2.166689519630745053e+03
5.000000000000000000e+03
2.340372046254458837e+03
5.000000000000000000e+03
2.331230860642623156e+03
5.000000000000000000e+03
2.084418849124689586e+03
5.000000000000000000e+03
2.130124777183635160e+03
5.000000000000000000e+03
2.175830705242464319e+03
5.000000000000000000e+03
2.450066273595672101e+03
5.000000000000000000e+03
2.000000000000000000e+03
2.409000000000000000e+03
5.000000000000000000e+03
2.358654417477897368e+03
5.000000000000000000e+03
2.367795603089733049e+03
5.000000000000000000e+03
2.404360345536842942e+03
5.000000000000000000e+03
2.322089675030903891e+03
5.000000000000000000e+03
2.404360345536726527e+03
5.000000000000000000e+03
2.120983591571915895e+03
5.000000000000000000e+03
2.422642716760281473e+03
5.000000000000000000e+03
2.376936788701568730e+03
5.000000000000000000e+03
2.367795603089733049e+03
5.000000000000000000e+03
2.386077974313171580e+03
5.000000000000000000e+03
2.376936788701568730e+03
5.000000000000000000e+03
2.312948489419068210e+03
5.000000000000000000e+03
2.175830705242464319e+03
5.000000000000000000e+03
2.084418849124689586e+03
5.000000000000000000e+03
2.011289364230586216e+03
5.000000000000000000e+03
2.038712921065860428e+03
5.000000000000000000e+03
2.322089675030787475e+03
5.000000000000000000e+03
2.029571735454141162e+03
5.000000000000000000e+03
2.020430549842305481e+03
5.000000000000000000e+03
2.413501531148562208e+03
5.000000000000000000e+03
2.120983591571799479e+03
5.000000000000000000e+03
2.303807303807348944e+03
5.000000000000000000e+03
2.111842405960080214e+03
5.000000000000000000e+03
2.111842405960080214e+03
5.000000000000000000e+03
2.130124777183518745e+03
5.000000000000000000e+03
2.011289364230586216e+03
5.000000000000000000e+03
2.120983591571799479e+03
5.000000000000000000e+03
2.157548334018909372e+03
5.000000000000000000e+03
2.075277663512970321e+03
5.000000000000000000e+03
2.139265962795354426e+03
5.000000000000000000e+03
2.102701220348360948e+03
5.000000000000000000e+03
2.130124777183518745e+03
5.000000000000000000e+03
2.130124777183635160e+03
5.000000000000000000e+03
2.111842405960080214e+03
5.000000000000000000e+03
2.322089675030787475e+03
5.000000000000000000e+03
2.239819004524964839e+03
5.000000000000000000e+03
2.194113076466019265e+03
5.000000000000000000e+03
2.066136477901134640e+03
5.000000000000000000e+03
2.367795603089733049e+03
5.000000000000000000e+03
2.111842405960080214e+03
5.000000000000000000e+03
2.322089675030787475e+03
5.000000000000000000e+03
2.349513231866178103e+03
5.000000000000000000e+03
2.148407148407073691e+03
5.000000000000000000e+03
2.294666118195513263e+03
5.000000000000000000e+03
2.029571735454257578e+03
5.000000000000000000e+03
2.386077974313171580e+03
5.000000000000000000e+03
2.111842405960196629e+03
5.000000000000000000e+03
2.148407148407073691e+03
5.000000000000000000e+03
2.404360345536842942e+03
5.000000000000000000e+03
2.367795603089733049e+03
5.000000000000000000e+03
2.000000000000000000e+03
2.802000000000000000e+03
5.000000000000000000e+03
2.422642716760281473e+03
5.000000000000000000e+03
2.386077974313404411e+03
5.000000000000000000e+03
2.056995292289415374e+03
5.000000000000000000e+03
2.294666118195513263e+03
5.000000000000000000e+03
2.294666118195513263e+03
5.000000000000000000e+03
2.102701220348244533e+03
5.000000000000000000e+03
2.056995292289415374e+03
5.000000000000000000e+03
2.175830705242464319e+03
5.000000000000000000e+03
2.413501531148562208e+03
5.000000000000000000e+03
2.358654417478013784e+03
5.000000000000000000e+03
2.184971890854183584e+03
5.000000000000000000e+03
2.020430549842305481e+03
5.000000000000000000e+03
2.376936788701452315e+03
5.000000000000000000e+03
2.056995292289415374e+03
5.000000000000000000e+03
2.248960190136684105e+03
5.000000000000000000e+03
2.331230860642623156e+03
5.000000000000000000e+03
2.038712921065976843e+03
5.000000000000000000e+03
2.194113076465902850e+03
5.000000000000000000e+03
2.194113076466135681e+03
5.000000000000000000e+03
2.184971890854183584e+03
5.000000000000000000e+03
2.029571735454024747e+03
5.000000000000000000e+03
2.312948489419184625e+03
5.000000000000000000e+03
2.413501531148562208e+03
5.000000000000000000e+03
2.175830705242464319e+03
5.000000000000000000e+03
2.221536633301293477e+03
5.000000000000000000e+03
2.349513231866294518e+03
5.000000000000000000e+03
2.358654417477780953e+03
5.000000000000000000e+03
2.184971890854416415e+03
5.000000000000000000e+03
2.130124777183402330e+03
5.000000000000000000e+03
2.367795603089733049e+03
5.000000000000000000e+03
2.386077974313404411e+03
5.000000000000000000e+03
2.367795603089733049e+03
5.000000000000000000e+03
2.312948489418951795e+03
5.000000000000000000e+03
2.221536633301293477e+03
5.000000000000000000e+03
2.194113076466135681e+03
5.000000000000000000e+03
2.248960190136684105e+03
5.000000000000000000e+03
2.322089675030903891e+03
5.000000000000000000e+03
2.239819004524732009e+03
5.000000000000000000e+03
2.294666118195513263e+03
5.000000000000000000e+03
2.120983591571915895e+03
5.000000000000000000e+03
2.184971890854183584e+03
5.000000000000000000e+03
2.413501531148562208e+03
5.000000000000000000e+03
2.276383746972074732e+03
5.000000000000000000e+03
2.212395447689574212e+03
5.000000000000000000e+03
2.258101375748403370e+03
5.000000000000000000e+03
2.093560034736525267e+03
5.000000000000000000e+03
2.120983591571915895e+03
5.000000000000000000e+03
2.303807303807232529e+03
5.000000000000000000e+03
2.038712921065744013e+03
5.000000000000000000e+03
2.267242561360355467e+03
5.000000000000000000e+03
2.000000000000000000e+03
3.014000000000000000e+03
5.000000000000000000e+03
2.422642716760281473e+03
5.000000000000000000e+03
2.404360345536842942e+03
5.000000000000000000e+03
2.157548334019025788e+03
5.000000000000000000e+03
2.056995292289415374e+03
5.000000000000000000e+03
2.349513231866061687e+03
5.000000000000000000e+03
2.075277663513086736e+03
5.000000000000000000e+03
2.322089675030671060e+03
5.000000000000000000e+03
2.239819004524964839e+03
5.000000000000000000e+03
2.221536633301293477e+03
5.000000000000000000e+03
2.194113076466135681e+03
5.000000000000000000e+03
2.139265962795354426e+03
5.000000000000000000e+03
2.120983591571915895e+03
5.000000000000000000e+03
2.056995292289182544e+03
5.000000000000000000e+03
2.331230860642623156e+03
5.000000000000000000e+03
2.130124777183635160e+03
5.000000000000000000e+03
2.267242561360355467e+03
5.000000000000000000e+03
2.386077974313171580e+03
5.000000000000000000e+03
2.075277663513086736e+03
5.000000000000000000e+03
2.011289364230353385e+03
5.000000000000000000e+03
2.450066273595672101e+03
5.000000000000000000e+03
2.395219159925123677e+03
5.000000000000000000e+03
2.184971890854183584e+03
5.000000000000000000e+03
2.358654417478013784e+03
5.000000000000000000e+03
2.203254262077854946e+03
5.000000000000000000e+03
2.056995292289415374e+03
5.000000000000000000e+03
2.303807303807232529e+03
5.000000000000000000e+03
2.157548334019025788e+03
5.000000000000000000e+03
2.340372046254342422e+03
5.000000000000000000e+03
2.166689519630745053e+03
5.000000000000000000e+03
2.303807303807232529e+03
5.000000000000000000e+03
2.066136477901134640e+03
5.000000000000000000e+03
2.029571735454024747e+03
5.000000000000000000e+03
2.294666118195513263e+03
5.000000000000000000e+03
2.194113076466135681e+03
5.000000000000000000e+03
2.029571735454024747e+03
5.000000000000000000e+03
2.322089675030903891e+03
5.000000000000000000e+03
2.148407148407073691e+03
5.000000000000000000e+03
2.093560034736525267e+03
5.000000000000000000e+03
2.285524932583793998e+03
5.000000000000000000e+03
2.075277663513086736e+03
5.000000000000000000e+03
2.102701220348244533e+03
5.000000000000000000e+03
2.130124777183635160e+03
5.000000000000000000e+03
2.056995292289182544e+03
5.000000000000000000e+03
2.002148178618866950e+03
5.000000000000000000e+03
2.413501531148562208e+03
5.000000000000000000e+03
2.148407148407073691e+03
5.000000000000000000e+03
2.422642716760514304e+03
5.000000000000000000e+03
2.166689519630745053e+03
5.000000000000000000e+03
2.056995292289415374e+03
5.000000000000000000e+03
2.303807303807232529e+03
5.000000000000000000e+03
2.000000000000000000e+03
2.000000000000000000e+03
