2.000000000000000000e+03
6.000000000000000000e+04
2.377622377622370550e+03
6.000000000000000728e+04
2.377622377622363274e+03
6.000000000000001455e+04
2.377622377622377826e+03
6.000000000000000000e+04
2.377622377622348722e+03
6.000000000000002910e+04
2.000000000000000000e+03
3.271000000000000000e+03
6.000000000000000000e+04
2.284382284382299986e+03
6.000000000000000000e+04
2.097902097902086098e+03
6.000000000000000000e+04
2.284382284382241778e+03
6.000000000000000000e+04
2.377622377622406930e+03
6.000000000000000000e+04
2.000000000000000000e+03
2.435000000000000000e+03
6.000000000000000000e+04
2.284382284382241778e+03
6.000000000000000000e+04
2.377622377622406930e+03
6.000000000000000000e+04
2.191142191142193042e+03
6.000000000000000000e+04
2.191142191142193042e+03
6.000000000000000000e+04
2.000000000000000000e+03
3.910000000000000000e+03
6.000000000000000000e+04
2.377622377622406930e+03
5.999999999999988358e+04
2.191142191142309457e+03
6.000000000000000000e+04
2.191142191142076626e+03
6.000000000000000000e+04
2.377622377622406930e+03
6.000000000000000000e+04
2.000000000000000000e+03
3.087000000000000000e+03
6.000000000000000000e+04
2.191142191142076626e+03
6.000000000000000000e+04
2.097902097902260721e+03
6.000000000000000000e+04
2.284382284382125363e+03
6.000000000000000000e+04
2.284382284382358193e+03
6.000000000000000000e+04
2.000000000000000000e+03
2.000000000000000000e+03
