2.000000000000000000e+03
6.000000000000000000e+04
2.284382284382278158e+03
5.999999999999999272e+04
2.377622377622377826e+03
6.000000000000000000e+04
2.191142191142193042e+03
6.000000000000000000e+04
2.191142191142193042e+03
6.000000000000000000e+04
2.000000000000000000e+03
3.666000000000000000e+03
6.000000000000000000e+04
2.097902097902086098e+03
6.000000000000000000e+04
2.284382284382299986e+03
6.000000000000000000e+04
2.377622377622348722e+03
5.999999999999994179e+04
2.377622377622406930e+03
6.000000000000000000e+04
2.000000000000000000e+03
2.520000000000000000e+03
6.000000000000000000e+04
2.284382284382241778e+03
6.000000000000000000e+04
2.097902097902144305e+03
6.000000000000000000e+04
2.191142191142193042e+03
6.000000000000000000e+04
2.097902097902027890e+03
6.000000000000000000e+04
2.000000000000000000e+03
3.138000000000000000e+03
6.000000000000000000e+04
2.284382284382241778e+03
6.000000000000000000e+04
2.284382284382358193e+03
6.000000000000000000e+04
2.097902097902027890e+03
6.000000000000000000e+04
2.191142191142309457e+03
6.000000000000000000e+04
2.000000000000000000e+03
3.863000000000000000e+03
6.000000000000000000e+04
2.097902097902027890e+03
6.000000000000000000e+04
2.284382284382358193e+03
6.000000000000000000e+04
2.377622377622406930e+03
6.000000000000000000e+04
2.377622377622406930e+03
6.000000000000000000e+04
2.000000000000000000e+03
2.000000000000000000e+03
