2.000000000000000000e+03
6.000000000000000000e+04
2.284382284382278158e+03
5.999999999999999272e+04
2.377622377622377826e+03
6.000000000000000000e+04
2.377622377622377826e+03
6.000000000000000000e+04
2.284382284382270882e+03
6.000000000000000000e+04
2.000000000000000000e+03
3.138000000000000000e+03
6.000000000000000000e+04
2.377622377622348722e+03
6.000000000000000000e+04
2.191142191142193042e+03
6.000000000000000000e+04
2.191142191142193042e+03
6.000000000000005821e+04
2.377622377622290514e+03
6.000000000000000000e+04
2.000000000000000000e+03
3.204000000000000000e+03
6.000000000000000000e+04
2.284382284382241778e+03
6.000000000000000000e+04
2.284382284382358193e+03
6.000000000000000000e+04
2.097902097902027890e+03
6.000000000000000000e+04
2.191142191142193042e+03
6.000000000000000000e+04
2.000000000000000000e+03
3.183000000000000000e+03
6.000000000000000000e+04
2.097902097902144305e+03
6.000000000000000000e+04
2.097902097902027890e+03
6.000000000000000000e+04
2.191142191142309457e+03
6.000000000000000000e+04
2.377622377622174099e+03
6.000000000000000000e+04
2.000000000000000000e+03
2.006000000000000000e+03
6.000000000000000000e+04
2.377622377622406930e+03
6.000000000000000000e+04
2.284382284382358193e+03
6.000000000000000000e+04
2.377622377622174099e+03
6.000000000000000000e+04
2.191142191142309457e+03
6.000000000000000000e+04
2.000000000000000000e+03
2.000000000000000000e+03
