2.000000000000000000e+03
6.000000000000000000e+04
2.191142191142185766e+03
6.000000000000000728e+04
2.377622377622363274e+03
5.999999999999998545e+04
2.191142191142193042e+03
6.000000000000000000e+04
2.097902097902115202e+03
5.999999999999997090e+04
2.000000000000000000e+03
2.535000000000000000e+03
6.000000000000000000e+04
2.097902097902086098e+03
6.000000000000000000e+04
2.097902097902086098e+03
6.000000000000000000e+04
2.191142191142193042e+03
6.000000000000000000e+04
2.377622377622406930e+03
6.000000000000000000e+04
2.000000000000000000e+03
2.904000000000000000e+03
6.000000000000000000e+04
2.377622377622406930e+03
6.000000000000000000e+04
2.377622377622290514e+03
6.000000000000000000e+04
2.284382284382358193e+03
6.000000000000000000e+04
2.097902097902027890e+03
6.000000000000000000e+04
2.000000000000000000e+03
3.623000000000000000e+03
6.000000000000000000e+04
2.377622377622406930e+03
5.999999999999988358e+04
2.377622377622406930e+03
6.000000000000000000e+04
2.284382284382358193e+03
6.000000000000000000e+04
2.097902097902027890e+03
6.000000000000000000e+04
2.000000000000000000e+03
2.184000000000000000e+03
6.000000000000000000e+04
2.097902097902027890e+03
6.000000000000000000e+04
2.191142191142309457e+03
6.000000000000000000e+04
2.377622377622406930e+03
6.000000000000000000e+04
2.191142191142076626e+03
6.000000000000000000e+04
2.000000000000000000e+03
2.000000000000000000e+03
