2.000000000000000000e+03
6.000000000000000000e+04
2.377622377622370550e+03
6.000000000000000728e+04
2.191142191142178490e+03
5.999999999999998545e+04
2.097902097902115202e+03
6.000000000000000000e+04
2.097902097902086098e+03
6.000000000000002910e+04
2.000000000000000000e+03
2.116000000000000000e+03
6.000000000000000000e+04
2.191142191142193042e+03
6.000000000000000000e+04
2.191142191142193042e+03
6.000000000000000000e+04
2.191142191142193042e+03
6.000000000000000000e+04
2.191142191142193042e+03
6.000000000000000000e+04
2.000000000000000000e+03
3.459000000000000000e+03
6.000000000000000000e+04
2.377622377622406930e+03
6.000000000000000000e+04
2.284382284382241778e+03
6.000000000000000000e+04
2.377622377622406930e+03
6.000000000000000000e+04
2.191142191142193042e+03
6.000000000000000000e+04
2.000000000000000000e+03
3.335000000000000000e+03
6.000000000000000000e+04
2.377622377622406930e+03
6.000000000000000000e+04
2.191142191142076626e+03
6.000000000000000000e+04
2.097902097902260721e+03
6.000000000000000000e+04
2.097902097902027890e+03
6.000000000000000000e+04
2.000000000000000000e+03
2.371000000000000000e+03
6.000000000000000000e+04
2.377622377622406930e+03
6.000000000000000000e+04
2.191142191142076626e+03
6.000000000000000000e+04
2.097902097902260721e+03
6.000000000000000000e+04
2.097902097902027890e+03
6.000000000000000000e+04
2.000000000000000000e+03
2.000000000000000000e+03
